0100111001111001100101111111011001011010100110010110101001100100101100011001011
1010001100100011110011001001011000111001101001100101010000000011100100000000110
0100001011011100100101010010101000000001100100011110011001000010110111001001111
0011100100111100110010010110001110010010101001010100000000110010110000101100100
1011000111001001111000101010000000011001000111100110010111111101110100100111011
0010010110001110010011110001010100000000110010010011101100100101100001010100000
0001100100011110011001001011000010101000000001100101000110011001000010110110010
0011110011001010110000110010010110001110010010101001010100000000111001000000001
1001011111110111001010110001110010010101001010100000000110010111111101100100010
1010111001010011101100100101100011001011101000110010100110101110010010101001010
1000000001100100100111011001001011000111001001111000101010000000011001010011010
1100101110100011001001100100110010111111101110010010101011001011010100110010000
1011011100101001110110010100110101100101111111011001011101000111001001111000101
011110100